29,1,16.04,18.43,609.55,455.74,0.35,-1,-1,-1
30,1,15.26,18.33,610.78,456.69,0.34,-1,-1,-1
34,2,487.67,129.09,139.57,89.62,0.37,-1,-1,-1
297,6,334.72,2.89,64.40,175.23,0.87,-1,-1,-1
298,6,331.51,5.08,67.63,184.07,0.80,-1,-1,-1
299,6,320.90,19.53,65.17,177.69,0.92,-1,-1,-1
300,6,317.77,24.16,64.14,175.31,0.93,-1,-1,-1
301,6,315.37,47.75,60.83,164.98,0.83,-1,-1,-1
302,6,314.10,54.24,60.48,162.70,0.84,-1,-1,-1
303,6,306.05,58.21,63.00,165.04,0.85,-1,-1,-1
304,6,303.46,68.17,62.93,161.22,0.88,-1,-1,-1
305,6,294.10,89.20,61.08,153.64,0.78,-1,-1,-1
306,6,290.51,96.24,61.17,151.13,0.76,-1,-1,-1
308,6,284.65,108.14,59.91,142.55,0.34,-1,-1,-1
309,6,282.94,109.27,61.55,141.38,0.36,-1,-1,-1
310,6,259.56,104.08,68.33,144.10,0.52,-1,-1,-1
311,6,249.90,102.10,73.92,145.04,0.51,-1,-1,-1
312,6,246.89,98.48,79.81,148.13,0.52,-1,-1,-1
313,6,244.75,97.00,84.42,149.26,0.54,-1,-1,-1
314,6,243.03,96.30,88.36,149.74,0.52,-1,-1,-1
315,6,241.62,95.89,91.86,149.98,0.55,-1,-1,-1
316,6,239.19,95.95,94.60,145.96,0.51,-1,-1,-1
317,6,237.10,95.90,98.28,144.39,0.50,-1,-1,-1
318,6,235.34,95.81,102.11,143.83,0.52,-1,-1,-1
319,6,233.55,95.73,105.89,143.77,0.52,-1,-1,-1
320,6,223.38,95.30,111.12,141.48,0.74,-1,-1,-1
321,6,217.87,95.11,116.63,140.54,0.74,-1,-1,-1
322,6,214.17,95.00,122.04,140.23,0.74,-1,-1,-1
323,6,208.61,94.25,126.96,139.08,0.61,-1,-1,-1
324,6,205.11,93.94,131.91,138.64,0.63,-1,-1,-1
325,6,200.36,89.87,136.31,138.24,0.69,-1,-1,-1
326,6,197.41,88.34,140.53,138.14,0.69,-1,-1,-1
327,6,196.41,87.70,143.70,136.92,0.76,-1,-1,-1
328,6,194.92,87.46,147.24,136.48,0.75,-1,-1,-1
329,6,189.31,71.57,163.36,148.79,0.46,-1,-1,-1
330,6,186.40,65.78,170.96,153.32,0.47,-1,-1,-1
331,6,184.67,63.54,175.31,155.07,0.47,-1,-1,-1
332,6,184.97,61.25,177.08,154.38,0.41,-1,-1,-1
333,6,184.41,60.43,179.22,154.28,0.40,-1,-1,-1
336,6,197.35,55.26,170.28,143.57,0.32,-1,-1,-1
337,6,198.62,54.89,170.89,141.60,0.32,-1,-1,-1
338,6,201.89,51.34,174.24,144.03,0.37,-1,-1,-1
339,6,203.03,50.08,175.66,144.90,0.37,-1,-1,-1
340,6,204.71,57.47,168.65,139.11,0.51,-1,-1,-1
341,6,209.36,72.04,167.60,139.85,0.77,-1,-1,-1
342,6,211.46,77.29,166.29,140.21,0.76,-1,-1,-1
343,6,214.02,82.75,163.77,139.55,0.72,-1,-1,-1
344,6,215.60,84.88,161.73,139.15,0.73,-1,-1,-1
345,6,225.85,96.85,166.21,147.63,0.73,-1,-1,-1
346,6,238.44,115.48,160.71,147.66,0.92,-1,-1,-1
347,6,244.56,122.54,155.89,147.80,0.91,-1,-1,-1
348,6,254.90,137.10,151.30,148.27,0.88,-1,-1,-1
349,6,265.37,159.78,141.29,142.47,0.83,-1,-1,-1
350,6,270.12,168.04,135.56,140.39,0.84,-1,-1,-1
351,6,278.16,183.24,130.03,138.22,0.68,-1,-1,-1
386,7,221.10,199.02,126.73,127.96,0.71,-1,-1,-1
387,7,222.75,194.66,126.15,126.77,0.34,-1,-1,-1
388,7,208.05,179.81,126.56,125.96,0.55,-1,-1,-1
389,7,203.10,175.42,127.81,125.68,0.60,-1,-1,-1
392,7,178.14,139.58,128.93,127.02,0.70,-1,-1,-1
393,7,175.53,135.57,128.84,127.20,0.71,-1,-1,-1
394,7,171.94,128.53,128.76,127.65,0.67,-1,-1,-1
395,7,170.32,127.01,127.86,127.15,0.71,-1,-1,-1
396,7,166.20,124.26,126.46,126.70,0.42,-1,-1,-1
403,7,161.26,75.48,124.26,129.45,0.58,-1,-1,-1
406,7,162.65,57.65,124.53,135.63,0.69,-1,-1,-1
407,7,163.12,55.82,117.81,133.45,0.73,-1,-1,-1
408,7,166.28,53.78,113.87,132.06,0.56,-1,-1,-1
409,7,167.35,53.18,111.16,131.21,0.49,-1,-1,-1
420,11,189.59,15.91,102.88,128.15,0.38,-1,-1,-1
421,11,189.37,14.41,105.84,131.98,0.57,-1,-1,-1
422,11,200.58,12.55,107.78,135.60,0.49,-1,-1,-1
423,11,205.08,12.23,107.24,136.47,0.52,-1,-1,-1
427,11,218.02,7.52,114.29,146.15,0.64,-1,-1,-1
428,11,219.04,8.95,113.78,147.03,0.77,-1,-1,-1
429,11,224.88,11.31,112.34,147.59,0.85,-1,-1,-1
430,11,227.49,12.15,110.68,147.76,0.84,-1,-1,-1
431,11,239.62,20.80,107.97,147.67,0.84,-1,-1,-1
432,11,245.00,24.04,105.40,147.58,0.82,-1,-1,-1
433,11,250.88,26.84,101.87,147.01,0.81,-1,-1,-1
434,11,253.86,27.81,98.81,146.79,0.80,-1,-1,-1
435,11,264.00,32.01,98.07,150.25,0.92,-1,-1,-1
436,11,270.15,34.79,97.12,152.92,0.87,-1,-1,-1
437,11,277.04,38.36,94.54,153.39,0.80,-1,-1,-1
438,11,280.21,39.57,92.01,153.61,0.84,-1,-1,-1
439,11,289.21,51.76,83.49,144.56,0.42,-1,-1,-1
440,11,293.12,56.32,78.70,141.02,0.44,-1,-1,-1
441,11,294.97,57.92,75.53,139.71,0.47,-1,-1,-1
442,11,294.32,61.19,73.53,139.35,0.40,-1,-1,-1
443,11,294.48,62.30,71.80,139.20,0.40,-1,-1,-1
444,11,294.83,62.62,70.30,139.16,0.41,-1,-1,-1
456,12,264.71,108.52,96.22,120.60,0.32,-1,-1,-1
457,12,260.69,109.28,95.49,119.60,0.34,-1,-1,-1
458,12,259.97,108.60,96.02,120.26,0.36,-1,-1,-1
459,12,249.54,126.01,99.32,125.07,0.63,-1,-1,-1
460,12,246.80,131.61,99.86,126.69,0.62,-1,-1,-1
463,13,407.23,137.83,74.67,83.08,0.37,-1,-1,-1
582,14,162.66,193.52,333.08,279.13,0.37,-1,-1,-1
596,15,13.00,26.46,620.24,444.27,0.31,-1,-1,-1
597,15,15.10,28.42,614.31,439.94,0.34,-1,-1,-1
911,17,20.22,15.74,588.36,450.01,0.32,-1,-1,-1
913,17,9.15,1.54,623.32,477.06,0.35,-1,-1,-1
944,17,17.58,21.90,602.27,458.10,0.33,-1,-1,-1
945,17,16.81,21.93,603.94,457.85,0.34,-1,-1,-1
1001,18,13.90,17.57,614.30,462.43,0.34,-1,-1,-1
1002,18,13.77,17.90,613.87,462.10,0.36,-1,-1,-1
1003,18,9.82,15.89,616.23,464.11,0.35,-1,-1,-1
1004,18,10.52,17.29,614.34,462.71,0.39,-1,-1,-1
1005,18,6.98,12.44,620.38,467.56,0.36,-1,-1,-1
1006,18,7.79,12.67,619.76,467.33,0.33,-1,-1,-1
1007,18,8.42,13.01,618.88,466.99,0.35,-1,-1,-1
1009,18,9.45,18.18,611.56,461.75,0.37,-1,-1,-1
1069,20,523.30,186.20,108.32,100.93,0.36,-1,-1,-1
1070,20,523.44,186.33,108.00,100.63,0.36,-1,-1,-1
1078,21,6.40,5.12,633.60,450.29,0.33,-1,-1,-1
1079,21,9.67,1.22,630.33,447.65,0.30,-1,-1,-1
1080,21,10.51,0.00,629.49,447.78,0.31,-1,-1,-1
1081,21,11.59,0.00,628.41,446.79,0.31,-1,-1,-1
1092,21,0.00,13.35,640.00,465.96,0.37,-1,-1,-1
1093,21,0.00,13.27,640.00,466.73,0.37,-1,-1,-1
1116,21,0.00,5.30,640.00,467.84,0.31,-1,-1,-1
1119,21,20.26,32.78,599.76,427.63,0.30,-1,-1,-1
1120,21,15.62,33.63,614.04,438.34,0.31,-1,-1,-1
1121,21,14.95,35.27,617.62,441.17,0.31,-1,-1,-1
1122,21,16.70,34.24,614.97,438.41,0.31,-1,-1,-1
1123,21,17.02,34.87,614.21,437.14,0.30,-1,-1,-1
1124,21,16.71,28.33,614.70,436.82,0.33,-1,-1,-1
1125,21,11.83,24.89,624.12,444.18,0.35,-1,-1,-1
1130,21,10.63,29.75,627.27,447.29,0.34,-1,-1,-1
1131,21,10.79,29.81,627.11,447.96,0.33,-1,-1,-1
1161,21,1.06,0.16,638.94,478.53,0.32,-1,-1,-1
1162,21,4.86,0.00,635.14,479.02,0.31,-1,-1,-1
1163,21,7.29,0.00,632.71,479.67,0.30,-1,-1,-1
1165,21,10.90,3.81,629.10,476.04,0.30,-1,-1,-1
1179,21,15.96,0.05,620.97,467.78,0.31,-1,-1,-1
1217,22,15.78,2.48,597.36,473.39,0.36,-1,-1,-1
1218,22,16.97,2.96,601.05,476.10,0.53,-1,-1,-1
1219,22,16.83,2.35,603.54,477.65,0.53,-1,-1,-1
1220,22,14.58,1.36,605.35,478.64,0.30,-1,-1,-1
1229,22,10.18,0.07,603.33,478.67,0.30,-1,-1,-1
1287,23,11.34,13.00,615.76,467.00,0.36,-1,-1,-1
1290,23,14.69,13.72,615.00,466.28,0.40,-1,-1,-1
1291,23,14.92,13.86,615.02,466.14,0.40,-1,-1,-1
1292,23,14.10,12.66,616.70,467.34,0.40,-1,-1,-1
1421,24,16.38,0.00,607.90,480.00,0.38,-1,-1,-1
1422,24,16.53,0.00,608.06,480.00,0.42,-1,-1,-1
1487,25,11.45,24.18,623.85,454.59,0.32,-1,-1,-1
1488,25,11.39,24.11,623.99,454.68,0.32,-1,-1,-1
1547,26,6.78,3.38,608.58,475.56,0.39,-1,-1,-1
1548,26,5.45,3.83,608.71,475.93,0.39,-1,-1,-1
1549,26,6.70,2.60,610.17,477.40,0.34,-1,-1,-1
1550,26,7.42,4.08,607.80,475.92,0.35,-1,-1,-1
1571,27,188.96,107.03,116.73,122.65,0.61,-1,-1,-1
1572,27,189.27,106.38,116.92,122.85,0.57,-1,-1,-1
1587,28,221.69,47.12,149.71,145.20,0.40,-1,-1,-1
1589,28,223.64,43.88,155.04,150.37,0.30,-1,-1,-1
1595,28,231.65,32.64,177.17,171.83,0.47,-1,-1,-1
1596,28,232.67,32.12,178.06,172.74,0.49,-1,-1,-1
1597,28,227.67,22.14,182.76,177.44,0.79,-1,-1,-1
1598,28,225.80,18.44,184.36,179.12,0.80,-1,-1,-1
1599,28,225.07,17.05,184.85,179.72,0.80,-1,-1,-1
1600,28,230.78,18.27,181.55,177.07,0.84,-1,-1,-1
1601,28,233.34,19.27,179.44,175.48,0.85,-1,-1,-1
1602,28,234.28,19.49,178.56,175.07,0.85,-1,-1,-1
1614,29,12.57,0.00,611.65,476.66,0.35,-1,-1,-1
1618,29,13.16,0.00,611.41,476.76,0.43,-1,-1,-1
1619,29,10.99,0.00,608.13,474.51,0.38,-1,-1,-1
1620,29,10.01,0.00,606.66,473.68,0.37,-1,-1,-1
1621,29,16.10,0.00,599.44,468.29,0.33,-1,-1,-1
1622,29,26.77,0.00,582.67,453.77,0.40,-1,-1,-1
1623,29,30.76,0.00,578.75,449.22,0.42,-1,-1,-1
1624,29,31.27,0.00,578.33,446.94,0.41,-1,-1,-1
1625,29,30.18,0.00,579.07,446.64,0.41,-1,-1,-1
1626,29,22.20,0.00,597.72,460.99,0.32,-1,-1,-1
1627,29,19.71,0.00,604.51,466.14,0.33,-1,-1,-1
1847,31,14.30,0.91,609.73,479.09,0.34,-1,-1,-1
1848,31,14.99,0.21,609.40,478.86,0.30,-1,-1,-1
1849,31,13.74,0.00,610.49,479.66,0.35,-1,-1,-1
1850,31,16.51,0.00,610.80,479.91,0.37,-1,-1,-1
1851,31,16.64,0.00,610.82,479.99,0.39,-1,-1,-1
1853,31,17.96,0.00,610.47,480.00,0.31,-1,-1,-1
1854,31,18.04,0.00,610.20,479.98,0.32,-1,-1,-1
1862,31,17.93,0.00,610.26,479.99,0.39,-1,-1,-1
1863,31,17.86,0.00,610.26,480.00,0.38,-1,-1,-1
1864,31,17.75,0.00,610.29,480.00,0.36,-1,-1,-1
1865,31,17.83,0.00,610.22,480.00,0.37,-1,-1,-1
1866,31,17.86,0.00,610.28,480.00,0.39,-1,-1,-1
1867,31,16.04,0.00,610.09,480.00,0.37,-1,-1,-1
1868,31,15.40,0.00,609.77,480.00,0.36,-1,-1,-1
1869,31,16.24,0.00,609.82,480.00,0.41,-1,-1,-1
1870,31,16.38,0.00,609.91,480.00,0.42,-1,-1,-1
1871,31,16.53,0.00,609.77,479.84,0.44,-1,-1,-1
1872,31,18.87,0.00,606.16,476.51,0.35,-1,-1,-1
1873,31,20.08,0.00,604.89,475.09,0.35,-1,-1,-1
1874,31,20.27,0.00,605.18,474.91,0.35,-1,-1,-1
1875,31,20.13,0.00,606.11,475.41,0.32,-1,-1,-1
1876,31,19.52,0.00,608.58,477.45,0.31,-1,-1,-1
1884,31,20.88,0.00,602.26,472.19,0.31,-1,-1,-1
1886,31,24.63,0.00,587.51,457.69,0.31,-1,-1,-1
1887,31,23.78,0.00,586.15,454.45,0.30,-1,-1,-1
1919,31,18.75,21.35,596.37,458.49,0.31,-1,-1,-1
1920,31,14.29,6.86,612.04,473.14,0.30,-1,-1,-1
1926,32,14.18,19.83,616.87,459.51,0.31,-1,-1,-1
1982,34,579.22,37.66,53.41,99.89,0.53,-1,-1,-1
1987,35,550.15,24.48,82.84,107.07,0.36,-1,-1,-1
1988,35,548.94,24.58,80.93,104.41,0.37,-1,-1,-1
1990,36,20.65,0.00,613.11,480.00,0.38,-1,-1,-1
1996,36,27.03,12.13,598.76,467.87,0.32,-1,-1,-1
1997,36,26.77,13.11,598.69,466.89,0.34,-1,-1,-1
1998,36,25.51,11.64,601.46,468.36,0.33,-1,-1,-1
2115,37,157.60,2.17,301.77,220.30,0.60,-1,-1,-1
2116,37,153.59,1.79,310.39,226.92,0.60,-1,-1,-1
2117,37,145.30,1.02,327.46,240.21,0.55,-1,-1,-1
2118,37,142.88,0.74,332.04,244.60,0.55,-1,-1,-1
2119,37,145.03,1.24,335.15,248.91,0.42,-1,-1,-1
2127,37,169.35,2.61,359.16,271.97,0.36,-1,-1,-1
2128,37,173.94,2.60,353.95,272.66,0.37,-1,-1,-1
2129,37,176.80,2.61,348.55,272.45,0.37,-1,-1,-1
2130,37,177.20,2.53,335.77,267.00,0.37,-1,-1,-1
2131,37,178.38,2.44,328.06,264.95,0.36,-1,-1,-1
2132,37,180.22,2.36,322.50,264.19,0.36,-1,-1,-1
2133,37,179.29,2.92,306.90,257.44,0.44,-1,-1,-1
2134,37,180.68,3.10,297.35,254.87,0.44,-1,-1,-1
2135,37,182.99,3.14,290.48,253.95,0.43,-1,-1,-1
2136,37,193.44,2.62,277.92,245.85,0.38,-1,-1,-1
2137,37,198.17,2.37,271.57,242.81,0.38,-1,-1,-1
2161,38,309.76,5.97,74.29,180.84,0.72,-1,-1,-1
2162,38,308.38,5.89,76.21,185.87,0.73,-1,-1,-1
2163,38,304.37,11.19,79.38,194.24,0.72,-1,-1,-1
2164,38,303.59,14.97,79.28,194.73,0.73,-1,-1,-1
2165,38,306.03,26.01,77.22,190.95,0.93,-1,-1,-1
2166,38,307.32,54.38,72.82,180.20,0.88,-1,-1,-1
2167,38,307.81,64.22,71.11,176.12,0.90,-1,-1,-1
2168,38,303.28,76.40,70.55,171.77,0.84,-1,-1,-1
2169,38,301.36,80.32,71.13,170.30,0.83,-1,-1,-1
2170,38,298.85,90.03,71.19,166.15,0.79,-1,-1,-1
2171,38,301.60,103.58,68.23,155.85,0.84,-1,-1,-1
2172,38,302.20,107.77,68.09,152.42,0.83,-1,-1,-1
2173,38,300.25,118.37,68.61,147.96,0.79,-1,-1,-1
2174,38,298.79,121.68,70.31,146.58,0.75,-1,-1,-1
2175,38,285.69,126.70,71.93,143.28,0.70,-1,-1,-1
2176,38,280.13,128.14,74.35,142.16,0.71,-1,-1,-1
2177,38,279.21,132.33,74.58,139.41,0.47,-1,-1,-1
2246,42,16.94,0.00,613.39,480.00,0.31,-1,-1,-1
2247,42,16.63,0.00,613.35,480.00,0.36,-1,-1,-1
2248,42,16.11,0.00,613.29,480.00,0.34,-1,-1,-1
2249,42,15.80,0.00,613.25,480.00,0.34,-1,-1,-1
2250,42,18.38,0.00,607.58,475.32,0.31,-1,-1,-1
2251,42,15.38,0.00,611.31,478.30,0.30,-1,-1,-1
2252,42,13.64,0.00,612.50,479.39,0.31,-1,-1,-1
2322,43,244.63,41.87,83.24,109.60,0.32,-1,-1,-1
2324,43,231.09,34.29,85.07,110.98,0.36,-1,-1,-1
2325,43,228.40,32.95,86.18,111.18,0.36,-1,-1,-1
2350,45,22.94,9.83,606.36,470.17,0.33,-1,-1,-1
2351,45,24.13,12.63,603.13,467.37,0.33,-1,-1,-1
2352,45,24.51,13.73,602.28,466.27,0.33,-1,-1,-1
2353,45,20.17,5.99,612.40,474.01,0.30,-1,-1,-1
2354,45,17.50,1.24,618.49,478.76,0.32,-1,-1,-1
2356,45,18.85,0.00,620.03,479.79,0.33,-1,-1,-1
2455,47,526.44,34.85,106.02,104.26,0.32,-1,-1,-1
2764,49,14.90,0.00,552.47,480.00,0.34,-1,-1,-1
2765,49,28.70,0.00,553.12,480.00,0.31,-1,-1,-1
3079,50,7.39,174.93,259.10,305.07,0.40,-1,-1,-1
3080,50,8.40,174.48,259.83,305.52,0.43,-1,-1,-1
3081,50,13.73,172.57,262.35,307.43,0.75,-1,-1,-1
3082,50,28.71,176.41,258.46,299.90,0.71,-1,-1,-1
3083,50,36.21,175.73,262.00,300.03,0.82,-1,-1,-1
3084,50,41.37,175.64,267.88,301.62,0.79,-1,-1,-1
3085,50,46.32,177.23,271.60,299.27,0.76,-1,-1,-1
3086,50,48.27,174.61,279.68,301.66,0.61,-1,-1,-1
3087,50,46.38,172.81,287.28,303.52,0.60,-1,-1,-1
3088,50,46.68,169.63,297.51,307.06,0.64,-1,-1,-1
3089,50,50.91,171.14,304.27,305.48,0.68,-1,-1,-1
3090,50,71.16,171.59,313.80,305.15,0.39,-1,-1,-1
3091,50,74.94,171.89,323.12,304.95,0.36,-1,-1,-1
3092,50,98.82,172.12,329.89,305.26,0.46,-1,-1,-1
3094,50,148.54,181.56,328.24,297.34,0.31,-1,-1,-1
3753,53,220.16,147.14,73.62,77.33,0.35,-1,-1,-1
3754,53,221.02,148.64,72.18,75.69,0.33,-1,-1,-1
3759,53,229.44,151.77,69.70,71.25,0.52,-1,-1,-1
3760,53,231.53,151.81,71.09,70.75,0.64,-1,-1,-1
3761,53,233.74,153.30,73.99,71.66,0.63,-1,-1,-1
3762,53,232.14,153.83,76.13,71.15,0.52,-1,-1,-1
3763,53,231.12,153.99,78.45,71.03,0.54,-1,-1,-1
3822,54,5.22,152.40,300.73,251.85,0.33,-1,-1,-1
3823,54,12.04,145.26,291.99,244.23,0.54,-1,-1,-1
3824,54,13.97,142.69,289.19,241.46,0.57,-1,-1,-1
3825,54,21.51,142.81,285.91,237.71,0.40,-1,-1,-1
3826,54,26.72,139.57,288.69,238.60,0.34,-1,-1,-1
3827,54,39.19,136.75,275.83,224.80,0.42,-1,-1,-1
3828,54,46.61,134.59,266.41,213.26,0.34,-1,-1,-1
3829,54,47.86,132.08,266.94,209.79,0.35,-1,-1,-1
3838,54,56.62,92.06,271.27,206.43,0.75,-1,-1,-1
3839,54,59.31,90.70,276.01,206.07,0.76,-1,-1,-1
3840,54,59.09,90.22,280.10,205.94,0.77,-1,-1,-1
3841,54,58.44,89.71,283.80,206.06,0.82,-1,-1,-1
3842,54,57.07,89.65,287.01,206.17,0.82,-1,-1,-1
3843,54,55.84,89.27,290.22,207.15,0.79,-1,-1,-1
3844,54,54.87,88.84,293.44,208.35,0.73,-1,-1,-1
3845,54,54.27,88.62,295.38,209.09,0.67,-1,-1,-1
3846,54,54.26,88.40,297.66,210.79,0.75,-1,-1,-1
3847,54,53.27,88.31,298.82,211.55,0.72,-1,-1,-1
3848,54,60.83,89.20,297.03,212.03,0.86,-1,-1,-1
3849,54,65.33,90.28,293.11,210.52,0.93,-1,-1,-1
3850,54,63.21,90.41,293.68,211.84,0.75,-1,-1,-1
3851,54,60.99,90.14,294.79,213.46,0.74,-1,-1,-1
3852,54,76.09,83.19,274.46,198.55,0.33,-1,-1,-1
3853,54,79.19,75.00,272.90,198.07,0.59,-1,-1,-1
3853,56,393.19,195.07,128.49,83.29,0.48,-1,-1,-1
3854,54,83.55,63.28,269.67,196.11,0.64,-1,-1,-1
3854,56,400.75,191.98,123.08,79.62,0.81,-1,-1,-1
3855,54,84.95,57.59,270.55,197.57,0.56,-1,-1,-1
3855,56,403.49,190.50,121.21,78.17,0.81,-1,-1,-1
3856,54,84.51,53.52,273.57,201.14,0.54,-1,-1,-1
3856,56,405.99,189.94,120.88,77.66,0.66,-1,-1,-1
3857,54,81.71,51.42,275.93,204.19,0.62,-1,-1,-1
3857,56,408.22,188.90,121.09,77.55,0.65,-1,-1,-1
3858,54,84.15,50.23,275.18,205.83,0.69,-1,-1,-1
3858,56,408.86,185.02,124.53,79.67,0.59,-1,-1,-1
3859,54,85.83,49.92,273.28,206.43,0.69,-1,-1,-1
3859,56,408.99,183.78,125.77,80.37,0.60,-1,-1,-1
3860,54,87.08,49.93,271.13,206.67,0.69,-1,-1,-1
3860,56,408.89,183.44,126.26,80.58,0.61,-1,-1,-1
3861,54,86.47,48.48,275.41,212.89,0.62,-1,-1,-1
3861,56,409.00,181.31,127.97,81.66,0.35,-1,-1,-1
3862,54,87.31,48.00,274.75,215.12,0.62,-1,-1,-1
3862,56,408.94,180.59,128.54,82.01,0.36,-1,-1,-1
3863,54,85.45,47.70,278.04,220.70,0.58,-1,-1,-1
3863,56,411.98,179.94,127.91,81.86,0.45,-1,-1,-1
3864,54,83.07,44.71,278.83,224.11,0.43,-1,-1,-1
3864,56,412.91,178.44,129.39,83.18,0.59,-1,-1,-1
3865,54,84.37,41.76,272.56,220.85,0.47,-1,-1,-1
3865,56,413.69,176.89,130.60,84.40,0.56,-1,-1,-1
3866,54,80.12,37.31,274.16,223.83,0.38,-1,-1,-1
3866,56,413.65,175.67,132.27,85.92,0.59,-1,-1,-1
3867,54,74.37,34.51,281.74,232.61,0.50,-1,-1,-1
3867,56,414.89,174.99,131.95,86.09,0.67,-1,-1,-1
3868,54,72.16,30.17,283.59,236.77,0.37,-1,-1,-1
3868,56,414.95,173.36,133.69,87.75,0.49,-1,-1,-1
3869,56,416.68,172.48,133.12,87.71,0.50,-1,-1,-1
3870,56,420.58,171.45,130.60,86.04,0.65,-1,-1,-1
3871,56,428.90,167.32,123.21,80.04,0.69,-1,-1,-1
3872,56,431.46,165.95,120.95,77.49,0.69,-1,-1,-1
3873,56,432.34,163.12,121.84,77.16,0.64,-1,-1,-1
3874,56,433.13,159.04,125.60,79.18,0.63,-1,-1,-1
3875,56,435.68,153.93,130.35,82.25,0.38,-1,-1,-1
3875,54,102.85,10.27,214.68,173.64,0.36,-1,-1,-1
3876,56,437.95,150.15,135.21,85.29,0.58,-1,-1,-1
3877,56,440.99,149.62,130.44,81.92,0.61,-1,-1,-1
3878,56,442.00,148.13,130.83,81.45,0.71,-1,-1,-1
3878,54,97.31,6.93,221.19,174.83,0.31,-1,-1,-1
3879,56,442.84,147.29,130.79,80.41,0.71,-1,-1,-1
3880,56,444.29,146.53,132.24,80.37,0.72,-1,-1,-1
3880,54,94.89,6.15,223.39,172.76,0.35,-1,-1,-1
3881,56,449.75,143.04,136.81,83.62,0.57,-1,-1,-1
3881,54,92.81,6.38,225.75,171.70,0.37,-1,-1,-1
3882,56,451.78,141.78,138.22,84.91,0.56,-1,-1,-1
3882,54,91.20,6.51,228.33,171.37,0.36,-1,-1,-1
3883,56,449.39,138.98,143.12,87.98,0.75,-1,-1,-1
3884,56,455.98,135.22,143.61,88.70,0.54,-1,-1,-1
3885,56,469.70,129.70,141.16,87.07,0.53,-1,-1,-1
3886,56,478.00,128.39,141.48,87.28,0.61,-1,-1,-1
3887,56,481.00,127.96,141.58,87.35,0.62,-1,-1,-1
3888,56,481.59,126.00,145.01,89.79,0.45,-1,-1,-1
3889,56,486.44,123.41,147.90,92.88,0.42,-1,-1,-1
3890,56,488.74,122.52,147.81,94.02,0.41,-1,-1,-1
3891,56,490.49,118.91,149.51,97.73,0.55,-1,-1,-1
3892,56,491.56,117.16,148.44,99.53,0.54,-1,-1,-1
3893,56,500.06,114.29,139.94,97.92,0.31,-1,-1,-1
3894,56,507.28,114.11,132.72,95.33,0.40,-1,-1,-1
3907,58,11.37,5.22,308.02,194.17,0.34,-1,-1,-1
3908,58,11.22,5.00,310.14,195.65,0.46,-1,-1,-1
3909,58,12.48,4.78,314.89,199.13,0.54,-1,-1,-1
3910,58,12.73,4.74,315.77,200.27,0.54,-1,-1,-1
3911,58,13.72,4.95,313.77,199.60,0.54,-1,-1,-1
3912,58,13.55,4.95,312.80,199.62,0.53,-1,-1,-1
3913,58,6.35,4.75,320.34,205.13,0.48,-1,-1,-1
3914,58,0.00,4.42,334.78,218.06,0.71,-1,-1,-1
3915,58,0.00,4.34,331.04,221.69,0.67,-1,-1,-1
3916,58,0.00,3.63,327.17,223.68,0.60,-1,-1,-1
3917,58,0.00,3.41,324.58,224.47,0.61,-1,-1,-1
3918,58,0.00,4.09,313.31,218.17,0.72,-1,-1,-1
3919,58,0.00,4.14,308.98,215.68,0.70,-1,-1,-1
3920,58,4.60,4.43,293.33,202.42,0.41,-1,-1,-1
3921,58,9.46,4.74,281.80,194.73,0.34,-1,-1,-1
3922,58,11.05,4.81,277.92,192.29,0.32,-1,-1,-1
3925,58,14.23,4.30,291.95,207.37,0.35,-1,-1,-1
3926,58,17.37,4.22,288.42,209.71,0.36,-1,-1,-1
3930,58,19.26,3.74,279.11,210.15,0.30,-1,-1,-1
4004,63,60.12,151.47,304.19,240.54,0.31,-1,-1,-1
4005,63,60.22,151.33,304.45,240.75,0.31,-1,-1,-1
4006,63,60.76,151.49,303.92,240.34,0.30,-1,-1,-1
4007,63,60.68,151.59,303.77,240.22,0.32,-1,-1,-1
4008,63,60.92,151.74,303.39,239.91,0.30,-1,-1,-1
4009,63,60.89,151.84,303.15,239.70,0.31,-1,-1,-1
4023,63,82.03,121.73,303.59,235.69,0.32,-1,-1,-1
4025,63,86.14,108.07,313.95,241.54,0.44,-1,-1,-1
4026,63,86.48,105.51,317.41,242.59,0.38,-1,-1,-1
4027,63,86.40,102.08,322.26,245.44,0.49,-1,-1,-1
4028,63,85.96,100.86,324.61,246.53,0.47,-1,-1,-1
4029,63,86.98,96.85,328.33,249.46,0.43,-1,-1,-1
4030,63,87.29,95.46,329.62,250.57,0.40,-1,-1,-1
4032,63,87.05,90.52,331.73,252.25,0.31,-1,-1,-1
4035,63,65.48,44.04,343.16,258.80,0.45,-1,-1,-1
4036,64,40.76,34.40,372.66,261.42,0.37,-1,-1,-1
4036,63,61.33,37.27,346.63,259.76,0.43,-1,-1,-1
4038,63,58.39,31.66,343.39,254.84,0.54,-1,-1,-1
4040,63,75.16,8.13,335.54,247.71,0.51,-1,-1,-1
4041,63,78.22,3.59,335.16,246.38,0.50,-1,-1,-1
4044,63,75.88,0.00,333.32,238.94,0.39,-1,-1,-1
4045,65,50.46,1.36,381.81,238.75,0.38,-1,-1,-1
4045,63,73.05,0.00,335.74,236.52,0.42,-1,-1,-1
4046,63,92.38,0.00,326.95,225.66,0.51,-1,-1,-1
4047,63,110.53,0.00,325.99,221.64,0.67,-1,-1,-1
4048,63,116.43,0.00,331.77,222.01,0.72,-1,-1,-1
4049,63,116.94,0.00,336.89,222.40,0.71,-1,-1,-1
4050,63,117.43,0.00,342.10,222.12,0.53,-1,-1,-1
4051,63,121.84,0.00,342.78,219.21,0.78,-1,-1,-1
4052,63,121.59,0.04,346.25,218.33,0.78,-1,-1,-1
4053,63,124.66,0.00,352.81,219.27,0.45,-1,-1,-1
4057,63,130.23,0.00,369.65,225.93,0.41,-1,-1,-1
4062,63,145.57,0.00,354.27,210.11,0.35,-1,-1,-1
4063,63,142.75,0.00,359.52,208.24,0.37,-1,-1,-1
4064,63,141.73,0.00,361.78,204.44,0.34,-1,-1,-1
4067,63,138.76,0.00,364.27,199.46,0.32,-1,-1,-1
4075,63,132.16,0.00,360.39,196.86,0.36,-1,-1,-1
4076,63,131.42,0.00,360.84,196.90,0.37,-1,-1,-1
4077,63,132.32,0.00,360.79,197.31,0.41,-1,-1,-1
4078,63,132.75,0.00,360.57,197.52,0.42,-1,-1,-1
4079,63,139.33,0.00,345.79,187.85,0.35,-1,-1,-1
4222,66,152.92,3.33,266.92,209.51,0.64,-1,-1,-1
4223,66,143.72,1.86,271.01,212.19,0.59,-1,-1,-1
4224,66,134.89,0.27,274.30,213.57,0.56,-1,-1,-1
4225,66,133.53,0.00,272.35,209.89,0.47,-1,-1,-1
4226,66,132.67,0.00,273.40,208.33,0.48,-1,-1,-1
4229,66,154.00,0.02,244.51,181.09,0.30,-1,-1,-1
4231,66,155.43,2.05,250.54,179.94,0.33,-1,-1,-1
4236,66,165.69,0.00,263.61,181.95,0.34,-1,-1,-1
4237,66,160.51,0.00,273.96,182.62,0.40,-1,-1,-1
4238,66,156.42,0.00,282.25,182.81,0.41,-1,-1,-1
4239,66,151.29,0.00,289.65,182.66,0.42,-1,-1,-1
4240,66,147.35,0.00,296.18,182.64,0.42,-1,-1,-1
4245,66,151.83,0.00,284.05,167.87,0.33,-1,-1,-1
4251,66,175.86,0.00,288.89,162.20,0.43,-1,-1,-1
4252,66,172.67,0.00,299.12,161.93,0.43,-1,-1,-1
4253,66,172.57,0.00,306.84,161.30,0.35,-1,-1,-1
4254,66,170.50,0.00,313.63,161.09,0.34,-1,-1,-1
4286,68,459.45,100.25,129.40,98.97,0.36,-1,-1,-1
4287,68,459.38,99.72,130.53,99.99,0.36,-1,-1,-1
4288,68,465.24,102.35,128.56,98.88,0.57,-1,-1,-1
4289,68,473.46,107.09,123.39,95.61,0.60,-1,-1,-1
4290,68,476.40,108.52,121.03,94.61,0.59,-1,-1,-1
4291,68,481.20,105.72,123.65,98.63,0.45,-1,-1,-1
4525,71,399.82,98.13,133.88,128.01,0.49,-1,-1,-1
4526,71,392.33,101.21,131.66,127.25,0.54,-1,-1,-1
4527,71,390.54,102.23,129.41,127.05,0.56,-1,-1,-1
4530,71,398.05,109.35,120.03,120.56,0.39,-1,-1,-1
4531,71,398.36,110.82,116.07,117.55,0.38,-1,-1,-1
4532,71,398.88,111.26,114.16,116.62,0.38,-1,-1,-1
4533,71,419.68,118.33,104.93,107.17,0.61,-1,-1,-1
4534,71,433.41,119.83,101.27,103.59,0.56,-1,-1,-1
4535,71,438.01,120.18,100.15,102.62,0.57,-1,-1,-1
4536,71,456.26,121.76,92.06,95.34,0.67,-1,-1,-1
4537,71,462.84,122.23,88.74,92.82,0.68,-1,-1,-1
4590,74,279.45,150.78,78.18,70.22,0.32,-1,-1,-1
4591,74,277.28,151.72,79.11,70.99,0.34,-1,-1,-1
4890,79,307.98,123.91,271.86,258.89,0.60,-1,-1,-1
4894,80,401.11,87.56,226.87,252.36,0.45,-1,-1,-1
5244,81,554.35,76.74,78.25,109.24,0.32,-1,-1,-1
5339,82,196.80,2.28,324.92,223.20,0.33,-1,-1,-1
5343,82,200.93,2.68,289.48,196.98,0.30,-1,-1,-1
5348,82,226.97,0.24,239.35,157.23,0.48,-1,-1,-1
5349,82,225.27,0.16,243.40,154.95,0.49,-1,-1,-1
5350,82,220.07,0.00,246.16,151.43,0.65,-1,-1,-1
5351,82,215.87,0.00,251.98,150.39,0.65,-1,-1,-1
5352,82,213.29,0.19,252.86,146.33,0.64,-1,-1,-1
5466,84,10.00,0.33,417.03,423.41,0.46,-1,-1,-1
5467,84,28.73,0.08,397.80,402.63,0.33,-1,-1,-1
5779,85,559.45,74.86,72.50,104.46,0.40,-1,-1,-1
5812,87,11.76,29.79,617.09,450.21,0.51,-1,-1,-1
5813,87,10.27,28.13,619.32,451.87,0.56,-1,-1,-1
5814,87,9.55,27.83,619.64,452.17,0.55,-1,-1,-1
6137,88,19.47,0.00,617.63,480.00,0.31,-1,-1,-1
6138,88,19.69,0.00,617.62,480.00,0.32,-1,-1,-1
6167,89,174.66,171.01,136.23,166.45,0.65,-1,-1,-1
6168,89,165.28,148.72,149.20,182.60,0.65,-1,-1,-1
6169,89,162.08,141.07,153.46,188.26,0.64,-1,-1,-1
6171,89,147.79,96.54,168.77,206.52,0.74,-1,-1,-1
6172,89,145.88,84.06,173.40,211.19,0.46,-1,-1,-1
6173,89,144.93,79.96,175.65,212.88,0.47,-1,-1,-1
6174,89,144.43,78.93,176.98,213.39,0.47,-1,-1,-1
6177,89,133.20,53.44,193.68,231.50,0.31,-1,-1,-1
6179,89,125.85,11.53,207.24,240.80,0.42,-1,-1,-1
6180,89,122.44,3.27,213.96,242.49,0.39,-1,-1,-1
6183,89,126.04,0.00,219.19,235.20,0.38,-1,-1,-1
6184,89,123.34,0.00,226.61,235.31,0.37,-1,-1,-1
6185,89,117.24,0.00,225.97,217.13,0.36,-1,-1,-1
6186,89,111.61,0.00,232.93,210.64,0.36,-1,-1,-1
6324,92,6.18,12.84,626.62,467.16,0.37,-1,-1,-1
6325,92,5.28,12.09,627.39,467.91,0.38,-1,-1,-1
6326,92,3.29,25.48,609.03,454.52,0.32,-1,-1,-1
6327,92,2.33,29.69,602.81,450.31,0.31,-1,-1,-1
6340,93,282.00,88.15,92.96,73.81,0.38,-1,-1,-1
6347,93,313.62,86.26,88.43,69.55,0.63,-1,-1,-1
6348,93,314.66,86.23,88.95,69.32,0.63,-1,-1,-1
6349,93,320.31,84.29,89.03,68.74,0.63,-1,-1,-1
6352,96,0.00,6.20,208.49,424.41,0.41,-1,-1,-1
6353,96,0.00,6.40,210.73,425.78,0.34,-1,-1,-1
6354,96,9.05,12.49,201.25,403.17,0.32,-1,-1,-1
6354,93,332.72,74.06,98.52,75.97,0.35,-1,-1,-1
6355,96,11.54,14.24,199.03,397.03,0.30,-1,-1,-1
6355,93,333.38,73.23,99.45,76.62,0.36,-1,-1,-1
6361,96,75.77,6.97,150.42,270.11,0.41,-1,-1,-1
6365,96,129.17,0.32,166.59,244.97,0.69,-1,-1,-1
6366,96,121.50,0.00,191.78,243.71,0.67,-1,-1,-1
6368,100,20.95,0.10,381.67,219.79,0.39,-1,-1,-1
6381,100,104.81,0.00,281.58,159.48,0.42,-1,-1,-1
6382,100,104.50,0.00,283.50,158.37,0.42,-1,-1,-1
6383,100,103.62,0.00,285.79,157.81,0.41,-1,-1,-1
6436,101,243.59,42.89,102.62,70.68,0.45,-1,-1,-1
6437,101,243.38,42.00,101.14,69.54,0.52,-1,-1,-1
6438,101,243.46,41.70,100.85,69.19,0.50,-1,-1,-1
6493,102,72.63,123.01,219.41,154.49,0.71,-1,-1,-1
6494,102,68.69,123.29,229.77,161.91,0.65,-1,-1,-1
6495,102,70.33,124.59,230.45,162.58,0.83,-1,-1,-1
6496,102,71.09,124.98,230.11,162.59,0.83,-1,-1,-1
6497,102,74.00,129.86,229.95,162.69,0.78,-1,-1,-1
6498,102,76.32,129.33,230.10,163.11,0.78,-1,-1,-1
6499,102,77.83,134.51,224.05,158.76,0.82,-1,-1,-1
6500,102,78.39,136.37,221.84,157.13,0.82,-1,-1,-1
6501,102,77.19,137.07,222.17,157.43,0.64,-1,-1,-1
6502,102,76.73,137.27,222.35,157.62,0.64,-1,-1,-1
6503,102,76.61,137.37,223.35,158.50,0.75,-1,-1,-1
6504,102,76.79,137.38,223.29,158.61,0.75,-1,-1,-1
6505,102,73.74,137.52,231.48,165.95,0.79,-1,-1,-1
6506,102,73.12,137.54,233.45,168.84,0.80,-1,-1,-1
6507,102,69.45,138.58,240.34,176.06,0.49,-1,-1,-1
6508,102,69.12,139.09,240.98,178.66,0.48,-1,-1,-1
6509,102,71.78,141.05,235.48,176.34,0.47,-1,-1,-1
6510,102,73.33,141.96,231.55,174.90,0.52,-1,-1,-1
6511,102,73.38,142.92,231.91,176.85,0.45,-1,-1,-1
6512,102,74.16,143.28,230.58,177.39,0.45,-1,-1,-1
6513,102,74.39,143.12,229.68,178.26,0.45,-1,-1,-1
6514,102,74.81,143.12,228.59,178.90,0.49,-1,-1,-1
6515,102,77.29,143.69,223.37,175.95,0.60,-1,-1,-1
6516,102,80.85,142.95,218.12,173.14,0.40,-1,-1,-1
6517,102,82.68,142.65,215.22,172.05,0.40,-1,-1,-1
6518,102,83.76,142.52,213.33,171.62,0.39,-1,-1,-1
6519,102,83.18,142.63,214.18,173.43,0.52,-1,-1,-1
6520,102,83.34,142.70,213.74,174.08,0.52,-1,-1,-1
6521,102,83.07,142.58,211.44,172.62,0.50,-1,-1,-1
6522,102,83.54,142.57,209.62,171.43,0.49,-1,-1,-1
6523,102,85.28,142.68,208.30,171.14,0.64,-1,-1,-1
6524,102,86.29,142.76,207.79,171.51,0.60,-1,-1,-1
6525,102,88.62,142.72,206.39,171.22,0.57,-1,-1,-1
6526,102,89.79,142.59,205.55,171.37,0.58,-1,-1,-1
6527,102,90.79,142.67,203.59,170.14,0.44,-1,-1,-1
6528,102,91.20,142.69,202.82,169.91,0.46,-1,-1,-1
6529,102,91.41,142.68,202.37,169.91,0.45,-1,-1,-1
6530,102,91.57,142.70,202.15,170.10,0.42,-1,-1,-1
6531,102,91.86,142.74,201.51,169.84,0.48,-1,-1,-1
6532,102,92.37,142.82,200.75,169.45,0.48,-1,-1,-1
6533,102,95.13,143.21,194.71,163.47,0.48,-1,-1,-1
6534,102,95.86,143.34,193.02,161.29,0.48,-1,-1,-1
6535,102,95.95,143.37,192.71,160.30,0.49,-1,-1,-1
6536,102,95.90,143.36,192.66,159.55,0.50,-1,-1,-1
6537,102,95.57,143.36,193.26,159.42,0.51,-1,-1,-1
6538,102,91.54,142.99,203.21,168.30,0.53,-1,-1,-1
6539,102,90.12,142.90,206.73,171.86,0.50,-1,-1,-1
6540,102,89.70,142.82,207.77,173.34,0.51,-1,-1,-1
6541,102,91.01,143.32,207.97,174.12,0.55,-1,-1,-1
6542,102,91.77,143.51,207.48,174.24,0.56,-1,-1,-1
6543,102,92.04,143.54,207.35,174.67,0.54,-1,-1,-1
6544,102,92.41,143.54,206.63,174.49,0.56,-1,-1,-1
6545,102,92.72,143.50,206.02,174.37,0.56,-1,-1,-1
6546,102,93.28,143.98,205.18,173.62,0.70,-1,-1,-1
6547,102,93.59,144.18,204.69,173.15,0.70,-1,-1,-1
6548,102,93.62,144.23,204.66,173.09,0.70,-1,-1,-1
6553,102,100.32,142.32,208.04,176.84,0.31,-1,-1,-1
6558,102,110.56,144.09,203.49,169.28,0.52,-1,-1,-1
6559,102,110.10,144.27,205.87,168.48,0.53,-1,-1,-1
6560,102,109.06,144.33,208.22,168.17,0.53,-1,-1,-1
6561,102,108.15,144.19,210.51,168.31,0.53,-1,-1,-1
6562,102,109.11,143.41,213.56,169.07,0.52,-1,-1,-1
6563,102,108.96,143.03,215.80,169.47,0.52,-1,-1,-1
6564,102,108.36,142.90,217.60,169.71,0.52,-1,-1,-1
6565,102,107.81,142.86,218.98,169.80,0.53,-1,-1,-1
6566,102,112.71,142.83,221.30,171.34,0.50,-1,-1,-1
6567,102,114.08,142.93,222.24,171.72,0.50,-1,-1,-1
6568,102,114.05,143.05,223.04,171.98,0.50,-1,-1,-1
6569,102,113.29,143.06,223.81,172.14,0.48,-1,-1,-1
6570,102,125.17,144.18,222.30,170.83,0.77,-1,-1,-1
6571,102,129.71,144.49,222.01,170.55,0.78,-1,-1,-1
6572,102,131.34,144.64,221.86,170.39,0.78,-1,-1,-1
6573,102,129.90,144.83,222.85,170.72,0.81,-1,-1,-1
6574,102,167.48,147.12,233.07,178.87,0.74,-1,-1,-1
6575,102,181.40,147.98,236.71,181.94,0.73,-1,-1,-1
6576,102,186.67,148.28,237.90,183.10,0.73,-1,-1,-1
6577,102,214.73,159.21,247.87,191.41,0.41,-1,-1,-1
6578,102,224.87,163.34,255.48,198.30,0.41,-1,-1,-1
6579,102,223.79,163.93,264.00,206.91,0.41,-1,-1,-1
6580,102,228.70,165.17,259.66,204.28,0.41,-1,-1,-1
6581,102,237.78,171.02,264.60,208.47,0.69,-1,-1,-1
6582,102,241.21,173.03,266.49,210.20,0.71,-1,-1,-1
6583,102,242.43,173.97,266.45,210.34,0.71,-1,-1,-1
6584,102,239.77,175.16,287.18,228.63,0.52,-1,-1,-1
6585,102,239.59,175.51,293.58,235.56,0.51,-1,-1,-1
6586,102,239.77,175.65,294.73,238.11,0.54,-1,-1,-1
6587,102,240.16,175.74,293.88,238.91,0.54,-1,-1,-1
6611,103,211.51,107.01,333.28,278.14,0.31,-1,-1,-1
6612,103,212.12,106.97,333.12,278.02,0.31,-1,-1,-1
6614,103,199.37,124.50,310.16,258.90,0.87,-1,-1,-1
6615,103,197.31,127.27,306.55,255.96,0.87,-1,-1,-1
6616,103,196.94,128.02,305.34,255.01,0.87,-1,-1,-1
6617,103,196.93,127.91,305.48,255.21,0.86,-1,-1,-1
6618,103,186.69,134.35,300.56,252.43,0.38,-1,-1,-1
6619,103,184.30,137.03,297.33,251.06,0.39,-1,-1,-1
6620,103,183.13,137.28,295.83,251.17,0.40,-1,-1,-1
6621,103,183.48,137.25,294.28,251.22,0.39,-1,-1,-1
6622,103,188.55,153.30,276.72,237.22,0.73,-1,-1,-1
6623,103,191.10,159.07,269.89,232.26,0.73,-1,-1,-1
6624,103,192.24,161.10,266.76,230.43,0.73,-1,-1,-1
6626,103,172.44,144.37,276.84,241.34,0.30,-1,-1,-1
6627,103,168.86,140.29,277.98,244.35,0.31,-1,-1,-1
6628,103,168.35,138.68,277.23,245.50,0.31,-1,-1,-1
6630,104,118.17,105.37,263.93,236.45,0.38,-1,-1,-1
6631,104,118.04,105.06,264.20,236.70,0.36,-1,-1,-1
6632,104,118.07,105.15,264.37,236.86,0.37,-1,-1,-1
6738,105,12.56,34.95,615.92,445.05,0.31,-1,-1,-1
6739,105,12.77,36.21,614.20,443.79,0.31,-1,-1,-1
6740,105,13.06,37.60,612.35,442.40,0.31,-1,-1,-1
7136,107,208.60,67.77,69.94,97.29,0.52,-1,-1,-1
7242,109,9.13,5.17,617.71,474.83,0.57,-1,-1,-1
7243,109,9.01,5.04,617.87,474.96,0.57,-1,-1,-1
7450,110,272.42,127.93,112.36,65.87,0.33,-1,-1,-1
7625,116,180.60,204.91,134.34,45.18,0.61,-1,-1,-1
7626,116,188.11,207.53,136.46,45.98,0.30,-1,-1,-1
7627,116,186.11,205.84,144.59,48.78,0.39,-1,-1,-1
7628,116,193.69,206.54,145.33,49.13,0.43,-1,-1,-1
7629,116,196.63,206.94,144.66,49.01,0.43,-1,-1,-1
7632,117,248.17,221.34,127.10,41.84,0.36,-1,-1,-1
7633,117,252.14,219.75,137.93,45.55,0.40,-1,-1,-1
7634,117,253.55,219.10,141.75,47.04,0.36,-1,-1,-1
7635,117,258.63,223.77,145.74,48.46,0.33,-1,-1,-1
7664,119,108.71,1.34,190.49,232.32,0.43,-1,-1,-1
7665,119,101.05,0.83,196.71,239.79,0.45,-1,-1,-1
7666,119,96.63,1.03,198.96,242.22,0.46,-1,-1,-1
7667,119,92.95,1.92,200.86,244.02,0.59,-1,-1,-1
7668,119,94.31,22.86,193.76,233.53,0.47,-1,-1,-1
7672,119,99.08,86.09,175.61,206.78,0.65,-1,-1,-1
7673,119,98.52,91.56,177.19,204.22,0.64,-1,-1,-1
7674,119,100.97,94.53,176.19,198.74,0.58,-1,-1,-1
7675,119,92.96,95.18,182.45,200.64,0.80,-1,-1,-1
7676,119,86.38,95.04,192.88,207.42,0.59,-1,-1,-1
7677,119,82.66,94.77,199.38,210.10,0.59,-1,-1,-1
7678,119,81.42,94.73,203.98,211.31,0.49,-1,-1,-1
7679,119,87.53,94.68,200.98,204.70,0.55,-1,-1,-1
7680,119,89.21,94.50,201.50,202.15,0.58,-1,-1,-1
7681,119,88.88,95.64,203.16,200.59,0.42,-1,-1,-1
7683,119,97.10,99.29,202.27,195.61,0.32,-1,-1,-1
7684,119,97.19,100.08,206.04,194.92,0.40,-1,-1,-1
7685,119,97.26,100.85,208.25,192.92,0.46,-1,-1,-1
7686,119,96.29,102.14,213.01,193.57,0.38,-1,-1,-1
7687,119,107.76,104.76,218.14,195.93,0.65,-1,-1,-1
7688,119,111.45,105.75,221.19,196.60,0.66,-1,-1,-1
7689,119,120.42,107.98,221.88,195.05,0.82,-1,-1,-1
7690,119,127.34,108.69,224.13,194.45,0.70,-1,-1,-1
7691,119,128.90,108.82,226.65,194.30,0.66,-1,-1,-1
7692,119,130.58,107.74,231.87,197.05,0.78,-1,-1,-1
7693,119,133.26,107.54,235.62,198.50,0.69,-1,-1,-1
7694,119,145.18,105.30,247.59,208.18,0.63,-1,-1,-1
7695,119,149.16,104.27,252.59,212.02,0.63,-1,-1,-1
7696,119,144.62,84.82,275.22,232.93,0.76,-1,-1,-1
7697,119,151.50,88.19,274.23,232.56,0.48,-1,-1,-1
7698,119,150.13,86.41,285.97,244.10,0.41,-1,-1,-1
7699,119,149.77,84.65,289.64,248.69,0.39,-1,-1,-1
7700,119,152.19,74.23,306.56,264.78,0.68,-1,-1,-1
7701,119,160.94,76.55,305.32,263.21,0.48,-1,-1,-1
7702,119,166.57,77.27,306.92,262.81,0.70,-1,-1,-1
7703,119,171.55,81.76,305.04,258.50,0.75,-1,-1,-1
7704,119,171.04,84.60,306.13,255.75,0.38,-1,-1,-1
7705,119,169.95,86.16,308.18,254.13,0.41,-1,-1,-1
7706,119,183.33,88.08,310.57,252.92,0.50,-1,-1,-1
7707,119,228.45,90.20,310.30,250.17,0.76,-1,-1,-1
7708,119,249.89,89.22,313.54,250.42,0.88,-1,-1,-1
7709,119,256.83,88.87,316.24,250.45,0.88,-1,-1,-1
7710,119,268.39,86.56,316.42,247.82,0.84,-1,-1,-1
7711,119,284.26,81.88,325.34,253.30,0.86,-1,-1,-1
7712,119,292.34,73.26,333.14,258.84,0.60,-1,-1,-1
7713,119,289.31,69.45,346.72,270.26,0.58,-1,-1,-1
7714,119,290.25,57.38,349.75,278.87,0.39,-1,-1,-1
7764,120,179.20,77.32,108.15,85.50,0.60,-1,-1,-1
7765,120,182.34,80.81,104.78,82.73,0.68,-1,-1,-1
7766,120,184.48,83.19,103.01,81.17,0.83,-1,-1,-1
7767,120,185.42,83.93,102.75,80.78,0.76,-1,-1,-1
7768,120,185.56,84.06,102.93,80.71,0.78,-1,-1,-1
7769,120,186.68,85.19,101.77,79.46,0.86,-1,-1,-1
7770,120,186.86,85.40,101.88,79.22,0.87,-1,-1,-1
7771,120,186.18,86.13,102.31,79.32,0.88,-1,-1,-1
7772,120,186.28,86.58,102.19,78.85,0.85,-1,-1,-1
7773,120,184.24,88.27,105.98,81.68,0.84,-1,-1,-1
7774,120,183.36,89.97,107.43,82.77,0.86,-1,-1,-1
7775,120,182.99,91.95,106.97,82.29,0.80,-1,-1,-1
7776,120,181.95,92.31,107.62,82.69,0.66,-1,-1,-1
7777,120,181.08,91.90,109.40,84.13,0.67,-1,-1,-1
7778,120,182.73,92.22,107.08,81.96,0.50,-1,-1,-1
7780,120,182.35,92.15,106.06,80.64,0.52,-1,-1,-1
7781,120,181.91,92.06,106.83,80.84,0.42,-1,-1,-1
7782,120,182.14,93.27,105.52,79.20,0.58,-1,-1,-1
7783,120,179.47,94.89,104.76,77.43,0.63,-1,-1,-1
7784,120,179.23,95.72,104.56,76.53,0.66,-1,-1,-1
7785,120,176.77,95.79,105.96,76.54,0.57,-1,-1,-1
7786,120,175.55,96.03,106.99,76.34,0.56,-1,-1,-1
7787,120,173.78,100.55,104.59,72.62,0.80,-1,-1,-1
7788,120,172.47,102.11,105.22,71.34,0.79,-1,-1,-1
7789,120,173.33,104.01,108.37,73.13,0.37,-1,-1,-1
7790,120,170.08,105.43,112.10,75.27,0.52,-1,-1,-1
7791,120,169.50,106.21,115.45,77.87,0.41,-1,-1,-1
7801,120,156.87,122.15,116.50,79.37,0.49,-1,-1,-1
7802,120,158.16,124.76,116.09,79.40,0.60,-1,-1,-1
7803,120,158.79,125.81,115.44,79.14,0.62,-1,-1,-1
7804,120,158.96,127.51,116.91,80.28,0.68,-1,-1,-1
7805,120,157.44,128.55,121.34,84.19,0.73,-1,-1,-1
7812,120,141.55,150.95,127.20,90.36,0.35,-1,-1,-1
7882,123,171.06,120.73,111.32,73.28,0.50,-1,-1,-1
7883,123,172.45,119.20,113.94,75.11,0.37,-1,-1,-1
7884,123,171.70,117.50,116.88,77.23,0.33,-1,-1,-1
7885,123,171.82,117.16,116.89,77.45,0.32,-1,-1,-1
7886,123,173.99,117.04,116.58,77.59,0.31,-1,-1,-1
7887,123,175.88,119.65,115.09,76.95,0.58,-1,-1,-1
7888,123,176.56,120.44,114.45,76.92,0.58,-1,-1,-1
7889,123,176.07,120.48,117.43,79.57,0.65,-1,-1,-1
7916,125,148.86,60.50,262.04,199.81,0.36,-1,-1,-1
7917,125,141.82,56.20,276.13,210.56,0.33,-1,-1,-1
7918,125,139.14,54.87,280.66,214.00,0.30,-1,-1,-1
7919,125,138.78,47.74,276.87,210.64,0.61,-1,-1,-1
7920,125,138.75,45.38,275.73,209.25,0.60,-1,-1,-1
7921,125,132.64,41.00,283.48,214.61,0.74,-1,-1,-1
7922,125,130.01,39.49,286.89,216.60,0.75,-1,-1,-1
7927,125,111.67,18.10,288.94,220.65,0.69,-1,-1,-1
7928,125,111.19,16.46,287.11,221.62,0.66,-1,-1,-1
7929,125,102.17,11.42,298.05,233.84,0.78,-1,-1,-1
7930,125,100.07,9.10,299.34,238.39,0.76,-1,-1,-1
7931,125,93.14,2.80,308.01,250.49,0.66,-1,-1,-1
7932,125,92.24,0.50,307.88,255.28,0.69,-1,-1,-1
7933,125,93.60,0.00,304.89,257.25,0.79,-1,-1,-1
7934,125,95.91,0.00,300.37,257.78,0.78,-1,-1,-1
7935,125,92.83,0.00,296.57,258.71,0.78,-1,-1,-1
7936,125,93.93,14.92,279.70,244.50,0.77,-1,-1,-1
7937,125,99.63,26.21,264.20,230.38,0.77,-1,-1,-1
7938,125,101.87,30.16,258.85,225.33,0.76,-1,-1,-1
7938,126,98.20,11.54,266.71,327.74,0.42,-1,-1,-1
7939,125,103.67,37.74,251.66,215.98,0.65,-1,-1,-1
7940,125,103.66,40.48,250.71,212.47,0.65,-1,-1,-1
7941,125,107.13,27.46,241.29,200.34,0.32,-1,-1,-1
7942,125,107.31,22.45,240.50,196.07,0.31,-1,-1,-1
7998,127,198.93,55.76,199.73,223.69,0.51,-1,-1,-1
7999,127,204.30,72.74,192.62,215.51,0.37,-1,-1,-1
8000,127,202.78,86.64,185.77,206.92,0.54,-1,-1,-1
8001,127,207.32,93.00,183.44,203.58,0.68,-1,-1,-1
8002,127,208.86,94.76,183.20,202.45,0.68,-1,-1,-1
8003,127,210.36,99.65,172.94,189.99,0.86,-1,-1,-1
8004,127,218.87,97.95,153.13,166.29,0.74,-1,-1,-1
8005,127,220.79,96.88,147.99,158.78,0.76,-1,-1,-1
8006,127,227.46,95.28,142.99,152.37,0.71,-1,-1,-1
8007,127,225.74,90.52,138.90,147.15,0.78,-1,-1,-1
8008,127,218.83,82.32,144.03,152.70,0.50,-1,-1,-1
8009,127,216.70,79.72,145.59,154.48,0.51,-1,-1,-1
8010,127,211.81,75.98,147.13,154.48,0.65,-1,-1,-1
8011,127,209.53,74.65,148.76,154.66,0.66,-1,-1,-1
8012,127,205.11,72.17,148.08,158.28,0.51,-1,-1,-1
8013,127,204.33,70.64,143.60,159.81,0.36,-1,-1,-1
8014,127,205.60,70.16,138.71,160.46,0.37,-1,-1,-1
8015,127,202.47,72.96,133.93,158.86,0.83,-1,-1,-1
8016,127,189.94,77.83,131.16,155.55,0.82,-1,-1,-1
8017,127,185.31,79.76,130.16,154.31,0.81,-1,-1,-1
8018,127,181.60,83.78,128.40,151.30,0.60,-1,-1,-1
8019,127,180.34,85.66,127.91,149.84,0.60,-1,-1,-1
8020,127,177.87,84.28,128.71,150.59,0.52,-1,-1,-1
8021,127,177.27,83.66,129.09,150.94,0.50,-1,-1,-1
8026,128,81.46,77.13,161.53,138.43,0.35,-1,-1,-1
8127,129,245.79,102.53,80.14,104.69,0.32,-1,-1,-1
8128,129,246.39,112.07,79.50,103.44,0.33,-1,-1,-1
8129,129,249.45,125.49,78.07,100.76,0.51,-1,-1,-1
8130,129,250.58,135.60,74.12,94.48,0.57,-1,-1,-1
8131,129,250.75,138.46,73.50,92.35,0.60,-1,-1,-1
8132,129,251.09,139.49,74.20,91.15,0.43,-1,-1,-1
8133,129,247.17,142.21,73.41,88.32,0.33,-1,-1,-1
8136,129,249.42,148.98,70.07,82.33,0.32,-1,-1,-1
8138,129,251.23,143.21,73.61,85.72,0.32,-1,-1,-1
8141,129,251.15,140.82,75.40,87.07,0.30,-1,-1,-1
8142,129,250.55,136.44,75.00,85.45,0.52,-1,-1,-1
8143,129,250.39,135.38,74.96,84.32,0.53,-1,-1,-1
8144,129,248.39,133.15,76.35,85.04,0.52,-1,-1,-1
8145,129,247.58,132.72,76.77,84.74,0.55,-1,-1,-1
8146,129,247.87,131.75,76.48,83.48,0.41,-1,-1,-1
8147,129,247.97,131.47,76.47,82.58,0.42,-1,-1,-1
8148,129,246.85,127.16,78.27,85.07,0.47,-1,-1,-1
8401,132,409.87,144.64,151.02,91.71,0.40,-1,-1,-1
8402,132,410.18,143.93,151.62,92.09,0.43,-1,-1,-1
8403,132,415.28,142.30,151.60,92.17,0.37,-1,-1,-1
8404,132,434.35,131.82,150.96,91.85,0.50,-1,-1,-1
8445,133,139.74,108.78,99.69,89.50,0.43,-1,-1,-1
8446,133,147.75,111.55,95.39,85.70,0.37,-1,-1,-1
8509,134,180.41,149.07,113.90,132.65,0.45,-1,-1,-1
8513,134,178.72,101.83,121.68,141.67,0.72,-1,-1,-1
8514,134,178.45,97.72,122.42,142.51,0.69,-1,-1,-1
8518,134,163.39,29.13,144.73,168.72,0.36,-1,-1,-1
8519,134,161.92,22.50,146.69,171.23,0.37,-1,-1,-1
8670,135,11.07,0.00,621.52,480.00,0.37,-1,-1,-1
9262,138,28.09,98.86,581.71,378.24,0.39,-1,-1,-1
9263,138,52.70,92.01,587.13,383.52,0.31,-1,-1,-1
9267,138,96.75,21.36,543.25,395.90,0.73,-1,-1,-1
9268,138,104.39,15.65,535.61,396.67,0.74,-1,-1,-1
9269,138,104.14,2.80,535.86,400.48,0.60,-1,-1,-1
9270,138,116.80,0.00,523.20,395.03,0.63,-1,-1,-1
9271,138,130.17,0.00,509.83,384.70,0.45,-1,-1,-1
9272,138,143.11,0.00,496.89,364.66,0.38,-1,-1,-1
9273,138,164.26,0.00,475.74,351.26,0.37,-1,-1,-1
9274,138,172.98,0.00,467.02,346.70,0.39,-1,-1,-1
9293,140,20.40,41.83,605.22,438.17,0.31,-1,-1,-1
9294,140,21.92,44.39,602.04,435.61,0.31,-1,-1,-1
9295,140,9.98,27.63,624.73,452.37,0.40,-1,-1,-1
9296,140,7.06,22.20,631.85,457.80,0.39,-1,-1,-1
9297,140,5.98,20.15,634.02,459.85,0.41,-1,-1,-1
9298,140,15.83,30.03,614.19,444.64,0.42,-1,-1,-1
9299,140,15.29,32.55,615.72,445.53,0.48,-1,-1,-1
9300,140,19.81,28.50,604.53,436.28,0.40,-1,-1,-1
9301,140,21.57,28.14,599.97,431.72,0.41,-1,-1,-1
9302,140,11.93,20.95,621.65,447.77,0.30,-1,-1,-1
9536,141,294.21,175.64,140.40,108.85,0.41,-1,-1,-1
9537,141,305.75,166.28,135.99,105.65,0.53,-1,-1,-1
9538,141,330.14,143.37,131.38,102.78,0.71,-1,-1,-1
9539,141,337.49,136.77,129.35,102.11,0.71,-1,-1,-1
9540,141,350.27,124.84,121.40,97.68,0.76,-1,-1,-1
9541,141,354.56,121.35,117.29,96.42,0.74,-1,-1,-1
9543,142,395.93,92.15,48.02,91.86,0.44,-1,-1,-1
9568,143,296.37,42.26,157.31,245.37,0.32,-1,-1,-1
9569,143,282.73,16.92,179.32,279.90,0.70,-1,-1,-1
9570,143,277.35,8.11,186.90,291.97,0.70,-1,-1,-1
9571,143,275.67,9.11,188.57,294.15,0.59,-1,-1,-1
9572,143,275.35,10.16,188.84,294.18,0.59,-1,-1,-1
9573,143,260.37,27.81,181.83,276.76,0.78,-1,-1,-1
9574,143,253.38,34.73,181.53,269.61,0.78,-1,-1,-1
9575,143,249.05,41.34,182.50,263.26,0.83,-1,-1,-1
9576,143,246.04,43.71,186.14,260.94,0.83,-1,-1,-1
9577,143,237.38,48.94,190.38,255.85,0.83,-1,-1,-1
9578,143,234.06,56.33,193.22,248.40,0.83,-1,-1,-1
9579,143,230.82,58.86,199.03,245.18,0.65,-1,-1,-1
9580,143,233.79,59.84,205.27,242.05,0.77,-1,-1,-1
9581,143,246.65,62.63,212.68,236.78,0.84,-1,-1,-1
9582,143,248.38,63.77,221.83,234.68,0.83,-1,-1,-1
9583,143,257.15,70.27,229.08,228.21,0.86,-1,-1,-1
9584,143,255.53,72.74,238.56,225.81,0.86,-1,-1,-1
9585,143,239.35,83.24,235.22,216.13,0.93,-1,-1,-1
9586,143,231.35,86.93,237.76,212.73,0.93,-1,-1,-1
9587,143,230.17,89.90,240.08,209.71,0.92,-1,-1,-1
9588,143,228.10,90.84,244.16,208.76,0.92,-1,-1,-1
9589,143,229.73,92.64,248.45,207.58,0.93,-1,-1,-1
9590,143,228.91,93.12,253.26,207.33,0.93,-1,-1,-1
9591,143,226.58,91.42,261.41,210.12,0.92,-1,-1,-1
9592,143,224.34,90.71,267.13,211.23,0.92,-1,-1,-1
9593,143,221.25,89.56,274.72,214.30,0.86,-1,-1,-1
9594,143,218.96,89.02,279.75,215.62,0.87,-1,-1,-1
9595,143,217.26,88.78,283.48,216.11,0.87,-1,-1,-1
9596,143,213.71,86.02,288.25,217.79,0.91,-1,-1,-1
9597,143,210.50,84.53,292.42,219.14,0.91,-1,-1,-1
9598,143,204.75,85.07,289.48,217.39,0.86,-1,-1,-1
9599,143,194.28,89.10,292.98,224.77,0.84,-1,-1,-1
9600,143,192.04,90.66,290.66,227.37,0.85,-1,-1,-1
9601,143,187.98,90.37,299.24,241.80,0.83,-1,-1,-1
9602,143,188.73,88.86,300.70,251.55,0.74,-1,-1,-1
9703,144,419.01,166.85,91.55,75.86,0.33,-1,-1,-1
9706,145,360.52,262.48,145.35,109.34,0.39,-1,-1,-1
9707,145,342.93,263.79,143.32,107.60,0.32,-1,-1,-1
9712,146,201.28,260.25,183.74,114.13,0.57,-1,-1,-1
9713,146,194.67,260.02,185.95,115.70,0.58,-1,-1,-1
9714,146,164.61,260.70,181.81,113.88,0.65,-1,-1,-1
9715,146,157.04,260.99,179.32,113.18,0.64,-1,-1,-1
9716,146,127.31,260.89,178.63,114.76,0.37,-1,-1,-1
9717,146,118.89,260.71,176.14,115.44,0.35,-1,-1,-1
9799,147,6.43,2.05,599.25,453.35,0.38,-1,-1,-1
9800,147,2.87,0.47,601.43,455.36,0.39,-1,-1,-1
9801,147,0.85,0.00,606.43,459.63,0.34,-1,-1,-1
9804,147,26.72,10.90,577.64,436.61,0.33,-1,-1,-1
9805,147,30.67,13.26,573.26,431.79,0.33,-1,-1,-1
9807,147,15.77,8.35,600.66,453.14,0.33,-1,-1,-1
9897,148,292.39,176.36,49.20,112.39,0.59,-1,-1,-1
9898,148,293.06,159.78,53.60,122.52,0.85,-1,-1,-1
9899,148,293.31,154.16,55.05,125.94,0.86,-1,-1,-1
9900,148,289.09,149.67,57.33,129.87,0.95,-1,-1,-1
9901,148,278.89,145.26,60.02,130.98,0.84,-1,-1,-1
9902,148,281.85,139.18,62.35,132.46,0.49,-1,-1,-1
10266,150,11.03,34.04,624.11,445.96,0.34,-1,-1,-1
10269,150,4.46,17.57,635.54,457.53,0.31,-1,-1,-1
10271,150,7.86,21.19,632.14,453.89,0.32,-1,-1,-1
10275,150,5.85,16.70,634.15,462.36,0.36,-1,-1,-1
10276,150,10.59,4.72,629.41,456.58,0.33,-1,-1,-1
10388,151,18.41,0.00,612.82,480.00,0.31,-1,-1,-1
10390,151,19.66,0.00,612.90,480.00,0.31,-1,-1,-1
10865,152,58.31,115.51,549.66,364.27,0.33,-1,-1,-1
10901,153,9.51,18.36,625.33,461.55,0.34,-1,-1,-1
10902,153,7.93,16.40,627.98,463.58,0.32,-1,-1,-1
10908,153,23.90,0.27,597.03,440.00,0.34,-1,-1,-1
10909,153,24.43,0.00,596.09,438.06,0.35,-1,-1,-1
11130,154,378.08,12.32,131.09,187.99,0.37,-1,-1,-1
11131,154,373.40,11.31,135.53,194.27,0.39,-1,-1,-1
11132,154,372.03,11.11,136.94,196.19,0.40,-1,-1,-1
11133,154,371.42,10.94,137.50,196.83,0.39,-1,-1,-1
11134,154,376.07,36.15,130.15,184.56,0.41,-1,-1,-1
11135,154,376.39,44.41,128.96,180.93,0.42,-1,-1,-1
11149,155,375.16,89.48,166.10,150.16,0.34,-1,-1,-1
11150,155,380.07,96.79,157.42,142.11,0.36,-1,-1,-1
11151,155,379.94,96.42,157.79,142.23,0.33,-1,-1,-1
11152,155,382.66,101.05,153.46,137.87,0.38,-1,-1,-1
11153,155,383.22,102.24,152.81,136.76,0.37,-1,-1,-1
11154,155,385.92,108.27,147.51,131.03,0.31,-1,-1,-1
11155,155,386.37,110.20,146.62,129.20,0.30,-1,-1,-1
11156,155,385.27,109.02,148.94,130.35,0.35,-1,-1,-1
11157,155,384.51,108.55,150.54,130.84,0.36,-1,-1,-1
11158,155,384.05,108.65,151.49,130.74,0.33,-1,-1,-1
11162,155,382.72,108.19,153.57,131.25,0.35,-1,-1,-1
11163,155,381.93,107.96,155.13,131.47,0.34,-1,-1,-1
11164,155,381.38,108.06,156.19,131.35,0.34,-1,-1,-1
11165,155,382.44,111.76,153.88,127.77,0.31,-1,-1,-1
11166,155,382.38,113.14,153.94,126.39,0.31,-1,-1,-1
11186,155,446.29,114.33,118.24,90.82,0.59,-1,-1,-1
11187,155,444.80,114.11,122.60,90.44,0.58,-1,-1,-1
11188,155,443.54,113.79,125.88,90.42,0.60,-1,-1,-1
11902,157,517.54,115.69,108.66,115.61,0.46,-1,-1,-1
11905,158,124.02,156.68,78.15,153.81,0.35,-1,-1,-1
11906,158,126.60,144.26,75.39,148.09,0.81,-1,-1,-1
11907,158,127.56,140.25,74.55,146.03,0.81,-1,-1,-1
11909,158,126.94,123.20,67.50,131.26,0.86,-1,-1,-1
11910,158,126.35,120.74,66.97,129.15,0.87,-1,-1,-1
11911,158,124.11,106.72,63.22,120.55,0.70,-1,-1,-1
11912,158,123.64,102.46,62.38,117.67,0.67,-1,-1,-1
12291,160,500.77,192.57,126.69,79.92,0.34,-1,-1,-1
12297,160,506.11,191.95,118.53,74.49,0.32,-1,-1,-1
12298,160,505.89,190.19,117.61,73.46,0.36,-1,-1,-1
12299,160,505.57,189.68,117.41,72.85,0.43,-1,-1,-1
12300,160,505.58,187.68,118.66,73.31,0.52,-1,-1,-1
12301,160,505.62,187.04,119.25,73.38,0.53,-1,-1,-1
12302,160,503.91,183.93,123.63,76.07,0.69,-1,-1,-1
12303,160,503.21,182.75,125.41,77.15,0.69,-1,-1,-1
12304,160,501.65,180.12,127.72,78.69,0.66,-1,-1,-1
12305,160,501.16,179.06,128.63,79.38,0.69,-1,-1,-1
12306,160,504.50,173.87,125.77,77.58,0.77,-1,-1,-1
12307,160,505.93,171.96,124.53,76.80,0.77,-1,-1,-1
12308,160,505.58,169.94,122.57,75.10,0.64,-1,-1,-1
12309,160,505.33,166.54,122.07,74.29,0.86,-1,-1,-1
12310,160,505.02,165.52,122.18,73.88,0.84,-1,-1,-1
12311,160,503.95,160.83,126.08,76.35,0.87,-1,-1,-1
12312,160,503.55,159.13,127.52,77.33,0.86,-1,-1,-1
12313,160,502.88,156.87,129.52,78.77,0.86,-1,-1,-1
12314,160,506.10,152.73,131.63,81.20,0.79,-1,-1,-1
12315,160,511.43,149.17,128.57,80.48,0.74,-1,-1,-1
12316,160,517.27,143.57,122.73,79.10,0.55,-1,-1,-1
12317,160,520.09,141.54,119.91,78.51,0.56,-1,-1,-1
12318,160,525.72,139.71,114.28,78.56,0.61,-1,-1,-1
12319,160,528.54,139.06,111.46,78.62,0.60,-1,-1,-1
12320,160,531.22,139.65,108.78,78.18,0.56,-1,-1,-1
12321,160,532.99,140.00,107.01,77.89,0.57,-1,-1,-1
12323,160,534.59,138.49,105.41,79.28,0.34,-1,-1,-1
12403,161,583.61,39.91,49.34,93.93,0.43,-1,-1,-1
12404,161,578.46,39.49,50.44,95.61,0.37,-1,-1,-1
12405,161,571.63,38.42,50.97,95.33,0.38,-1,-1,-1
12406,161,568.08,38.34,51.91,95.27,0.42,-1,-1,-1
12407,161,563.94,37.71,53.82,96.13,0.43,-1,-1,-1
12408,161,559.98,37.52,56.03,96.71,0.45,-1,-1,-1
12409,161,558.09,37.54,58.10,96.84,0.45,-1,-1,-1
12410,161,555.96,37.57,60.45,97.20,0.39,-1,-1,-1
12412,161,545.02,31.41,67.48,103.19,0.48,-1,-1,-1
12413,161,541.33,29.08,71.71,104.64,0.43,-1,-1,-1
12414,161,539.12,28.34,75.14,105.07,0.43,-1,-1,-1
12931,163,481.58,106.95,103.49,70.84,0.45,-1,-1,-1
12934,163,470.51,109.29,96.51,66.52,0.30,-1,-1,-1
13874,164,476.34,177.27,110.62,83.79,0.34,-1,-1,-1
13925,165,142.97,177.40,66.00,143.54,0.74,-1,-1,-1
13926,165,137.94,172.87,65.13,140.86,0.71,-1,-1,-1
13927,165,128.09,146.06,69.93,149.05,0.85,-1,-1,-1
13928,165,124.50,137.99,72.39,151.50,0.84,-1,-1,-1
13929,165,130.19,127.28,74.56,149.66,0.78,-1,-1,-1
13930,165,130.89,124.04,77.51,148.94,0.78,-1,-1,-1
13931,165,130.31,110.51,80.97,149.47,0.77,-1,-1,-1
13932,165,128.77,106.08,84.49,149.54,0.76,-1,-1,-1
13933,165,131.07,92.04,88.89,152.72,0.68,-1,-1,-1
13934,165,131.29,87.30,92.05,153.67,0.67,-1,-1,-1
14163,167,0.06,138.35,224.60,341.65,0.35,-1,-1,-1
14164,167,13.13,144.40,221.31,335.60,0.56,-1,-1,-1
14165,167,17.28,146.79,220.72,333.21,0.54,-1,-1,-1
14166,167,25.73,139.00,227.95,341.00,0.30,-1,-1,-1
14167,167,27.27,136.50,232.04,343.50,0.31,-1,-1,-1
14168,167,30.19,130.30,238.72,348.57,0.54,-1,-1,-1
14169,167,40.22,115.72,231.50,330.01,0.46,-1,-1,-1
14170,167,41.85,110.60,231.92,322.71,0.43,-1,-1,-1
14171,167,40.59,104.16,235.22,319.64,0.32,-1,-1,-1
14173,167,35.76,81.77,249.84,331.80,0.46,-1,-1,-1
14178,167,41.46,25.49,274.41,353.53,0.33,-1,-1,-1
14197,168,3.24,0.00,580.63,479.94,0.40,-1,-1,-1
14204,168,44.93,0.00,542.91,444.52,0.34,-1,-1,-1
14205,168,36.28,0.00,564.81,459.89,0.31,-1,-1,-1
